$reddedilenler = array(
1312,
1415,
2034,
24410,
102726,
110189,
124816,
208879,
213804,
221075,
400781,
409870,
410515,
415923,
431173,
506187,
602742,
607032,
623548,
711123,
836072,
841262,
843449,
843921,
900049,
908755,
909001,
910391,
928719,
931567,
934010,
935978,
1004571,
1105694,
1108959,
1203008,
1208039,
1211715,
1214791,
1306348,
1400672,
1404180,
1514309,
1617143,
1619608,
1807072,
1818128,
1909268,
1916671,
1928610,
1940500,
1953762,
2010920,
2021485,
2025922,
2032564,
2033425,
2037194,
2042569,
2047088,
2060158,
2063416,
2204269,
2247735,
2302395,
2306649,
2308121,
2343926,
2359911,
2365263,
2366288,
2402434,
2403537,
2405886,
2409457,
2505582,
2508022,
2515450,
2516479,
2519991,
2530255,
2533174,
2540028,
2605809,
2608402,
2612490,
2707878,
2712921,
2713824,
2802067,
2803160,
2900572,
2902763,
2906567,
3000920,
3113711,
3200626,
3202518,
3202534,
3209679,
3210372,
3229618,
3403368,
3404792,
3406520,
3407754,
3420553,
3434948,
3501067,
3501121,
3600021,
3600999,
3607561,
3621057,
3621858,
3625082,
3802902,
3904172,
4003662,
4500249,
4702540,
4923488,
5011089,
5015065,
5020307,
5215520,
5302370,
5305567,
5410413,
5503082,
5504409,
5504867,
5600753,
5611464,
5620300,
5703306,
5726130,
5740194,
5801852,
5810326,
5900698,
6008564,
6300087,
6509273,
6602604,
6826917,
6858024,
6909485,
7206219,
7601594,
7712425,
7800136,
7939598,
7957400,
7958638,
8000827,
8001618,
8001794,
8002794,
8109251,
8212314,
8222036,
8228812,
8607684,
8615424,
8620712,
8800037,
8800342,
8801272,
8817328,
8827362,
8832291,
8834949,
8837184,
8902062,
9100946,
9133814,
9204912,
9209998,
9211838,
9300392,
9508779,
9616568,
9633575,
9902230,
10019050,
10042215,
10129169,
10402995,
10610055,
10616970,
11300260,
11307295,
11606836,
11702294,
11712312,
11714012,
11903142,
12109252,
12123893,
12124590,
12128850,
12130155,
12801650,
12802342,
12904764,
14204430,
14206463,
14208883,
14214139,
14215885,
14221036,
14227833,
14500048,
15000026,
15203157,
15503073,
15617881,
15902016,
15902907,
15931663,
16111067,
16113315,
16204345,
16205301,
16303592,
16305709,
16308061,
16308732,
16317144,
16407395,
16409219,
17501219,
17501986,
17903208,
17905931,
17910390,
18003608,
18004140,
18403825,
18500452,
18504541,
18706547,
18711278,
18802771,
18906587,
20005747,
20013259,
20101307,
20306322,
20306518,
20900453,
21403707,
21706308,
21726400,
21804923,
22617004,
22900601,
22915656,
22916436,
24101512,
24402875,
24604553,
24900236,
25006941,
25107359,
25200520,
25201401,
25507016,
25700023,
26110135,
26404068,
26506222,
26507303,
26905276,
27902646,
28132988,
29710228,
30508904,
31110339,
34308116,
34603154,
35301027,
36105205,
41502468,
82220326,
128008997
);